0,525
69,5
0,524
69,4
69,3
69,2
69,1
69,0
0,523
68,4
68,3
68,2
68,1
68,0
67,4
67,3
67,2
67,1
67,0
66,5
66,4
66,3
66,2
66,1
66,0
65,3
65,2
65,1
65,0
64,5
64,4
64,3
64,2
64,1
64,0
63,4
63,3
63,2
63,1
63,0
62,4
62,3
62,2
62,1
62,0
61,5
61,4
61,3
61,2
61,1
61,0
60,3
60,2
60,1
60,0
0,522
0,521
0,520
0,519
0,518
0,517
0,516
0,472
59,5
59,4
59,3
59,2
59,1
59,0
58,4
58,3
58,2
58,1
58,0
57,4
57,3
57,2
57,1
57,0
56,5
56,4
56,3
56,2
56,1
56,0
0,278
0,9
10,145
10,65
10,9
10,257
10,147
10,189
10,273
10,261
11,13
11,27
11,23
11,21
11,7
9,5
8,4
8,18
8,14
53,5
53,4
53,3
53,2
53,1
53,0
52,4
52,3
52,2
52,1
52,0
51,4
51,3
51,2
51,1
51,0
50,5
50,4
50,3
50,2
50,1
50,0
49,3
